1 4.89376e-007 0.000961574 0.0116292 4.89376e-007 0.999999 -0.00101786 -0.0225392 -0.000961574 0.00101786 0.999999 1.46867
0.999984 3.21987e-006 0.00564938 -0.0261466 3.21987e-006 0.999999 -0.00113989 -0.0341916 -0.00564938 0.00113989 0.999983 2.91542
0.999978 1.8829e-006 0.00667142 -0.0214169 1.8829e-006 1 -0.000564462 -0.0618218 -0.00667142 0.000564462 0.999978 4.30906
0.999977 2.48992e-006 0.00682791 0.00463722 2.48992e-006 1 -0.000729326 -0.0811183 -0.00682791 0.000729326 0.999976 5.7311
0.999961 5.89225e-006 0.00884045 0.0054678 5.89225e-006 0.999999 -0.00133299 -0.0982712 -0.00884045 0.00133299 0.99996 7.16772
0.999955 1.27203e-005 0.00951667 0.0144193 1.27203e-005 0.999996 -0.0026732 -0.123471 -0.00951667 0.0026732 0.999951 8.58143
0.999948 1.56292e-005 0.0102403 0.0252773 1.56292e-005 0.999995 -0.0030524 -0.150539 -0.0102403 0.0030524 0.999943 9.99181
0.999971 3.43238e-006 0.00760827 0.0647442 3.43238e-006 1 -0.000902263 -0.19404 -0.00760827 0.000902263 0.999971 11.3863
0.999997 -6.81383e-007 0.00228329 0.129242 -6.81383e-007 1 0.000596841 -0.233137 -0.00228329 -0.000596841 0.999997 12.7828
1 0 0 0.134394 0 1 0 -0.261305 0 0 1 14.1709
0.999994 -7.93657e-007 -0.00347496 0.14121 -7.93657e-007 1 -0.000456785 -0.284605 0.00347496 0.000456785 0.999994 15.5822
0.999989 -2.2447e-006 -0.00477732 0.131007 -2.2447e-006 1 -0.000939726 -0.304869 0.00477732 0.000939726 0.999988 17.0041
0.999974 -5.39899e-006 -0.0072523 0.129981 -5.39899e-006 0.999999 -0.00148889 -0.326718 0.0072523 0.00148889 0.999973 18.3864
0.999753 -5.70022e-005 -0.0222301 0.234828 -5.70022e-005 0.999987 -0.00512772 -0.342993 0.0222301 0.00512772 0.99974 19.6637
0.999747 -4.80084e-005 -0.0224823 0.203871 -4.80084e-005 0.999991 -0.00427022 -0.368776 0.0224823 0.00427022 0.999738 20.9947
0.999747 -4.80084e-005 -0.0224823 0.172914 -4.80084e-005 0.999991 -0.00427022 -0.394558 0.0224823 0.00427022 0.999738 22.3258
0.999689 -7.01133e-005 -0.0249235 0.184293 -7.01133e-005 0.999984 -0.00562536 -0.410447 0.0249235 0.00562536 0.999674 23.6954
0.999667 -7.52428e-005 -0.0258009 0.13821 -7.52428e-005 0.999983 -0.00583155 -0.445363 0.0258009 0.00583155 0.99965 25.1139
0.999667 -7.52428e-005 -0.0258009 0.0921267 -7.52428e-005 0.999983 -0.00583155 -0.480279 0.0258009 0.00583155 0.99965 26.5325
0.999661 -7.80149e-005 -0.0260381 0.0347444 -7.80149e-005 0.999982 -0.0059913 -0.514869 0.0260381 0.0059913 0.999643 28.009
0.99967 -8.86455e-005 -0.0256757 -0.0396666 -8.86455e-005 0.999976 -0.0069038 -0.542578 0.0256757 0.0069038 0.999646 29.5186
0.999693 -7.26257e-005 -0.0247915 -0.118327 -7.26257e-005 0.999983 -0.00585797 -0.586083 0.0247915 0.00585797 0.999675 31.0229
0.999613 -5.64272e-005 -0.0278072 -0.158763 -5.64272e-005 0.999992 -0.00405766 -0.630981 0.0278072 0.00405766 0.999605 32.4755
0.999577 -5.63028e-005 -0.0290863 -0.199333 -5.63028e-005 0.999993 -0.00387059 -0.661572 0.0290863 0.00387059 0.999569 33.8646
0.999549 -7.09783e-005 -0.0300243 -0.243096 -7.09783e-005 0.999989 -0.00472696 -0.69083 0.0300243 0.00472696 0.999538 35.2086
0.999502 -8.95059e-005 -0.0315501 -0.281246 -8.95059e-005 0.999984 -0.00567244 -0.724171 0.0315501 0.00567244 0.999486 36.586
0.999435 -9.77288e-005 -0.0336025 -0.331092 -9.77288e-005 0.999983 -0.00581507 -0.754705 0.0336025 0.00581507 0.999418 37.9563
0.999429 -8.68574e-005 -0.0337989 -0.394056 -8.68574e-005 0.999987 -0.00513815 -0.789805 0.0337989 0.00513815 0.999415 39.3257
0.999395 -8.9347e-005 -0.0347816 -0.438987 -8.9347e-005 0.999987 -0.00513601 -0.818652 0.0347816 0.00513601 0.999382 40.7198
0.999283 -9.40226e-005 -0.0378644 -0.433378 -9.40226e-005 0.999988 -0.00496448 -0.86132 0.0378644 0.00496448 0.999271 42.1143
0.999229 -9.79278e-005 -0.0392501 -0.475972 -9.79278e-005 0.999988 -0.00498798 -0.892759 0.0392501 0.00498798 0.999217 43.5151
0.999155 -8.98146e-005 -0.0411083 -0.505829 -8.98146e-005 0.99999 -0.00436779 -0.927537 0.0411083 0.00436779 0.999145 44.8688
0.999134 -7.8637e-005 -0.0416032 -0.541692 -7.8637e-005 0.999993 -0.00377868 -0.935388 0.0416032 0.00377868 0.999127 46.23
0.999245 -4.32074e-005 -0.038859 -0.636589 -4.32074e-005 0.999998 -0.00222297 -0.975205 0.038859 0.00222297 0.999242 47.5867
0.999343 -3.81043e-005 -0.0362387 -0.732335 -3.81043e-005 0.999998 -0.00210227 -1.01214 0.0362387 0.00210227 0.999341 48.9741
0.999448 -4.31392e-005 -0.0332106 -0.827408 -4.31392e-005 0.999997 -0.00259719 -1.02115 0.0332106 0.00259719 0.999445 50.4092
0.99937 6.16227e-007 -0.035478 -0.854362 6.16227e-007 1 3.47276e-005 -1.06717 0.035478 -3.47276e-005 0.99937 51.7682
0.999483 9.56994e-005 -0.0321517 -0.909257 9.56994e-005 0.999982 0.00595139 -1.09089 0.0321517 -0.00595139 0.999465 53.1557
0.999483 9.56994e-005 -0.0321517 -0.964152 9.56994e-005 0.999982 0.00595139 -1.11462 0.0321517 -0.00595139 0.999465 54.5433
0.999554 0.00013845 -0.0298685 -1.03096 0.00013845 0.999957 0.00926838 -1.12672 0.0298685 -0.00926838 0.999511 55.9889
0.999593 0.000152484 -0.0285107 -1.08466 0.000152484 0.999943 0.0106942 -1.14399 0.0285107 -0.0106942 0.999536 57.4128
0.999588 0.000119992 -0.0286991 -1.10927 0.000119992 0.999965 0.00836022 -1.14476 0.0286991 -0.00836022 0.999553 58.8957
0.999627 8.8789e-005 -0.0273142 -1.20218 8.8789e-005 0.999979 0.00650002 -1.16335 0.0273142 -0.00650002 0.999606 60.3606
0.999643 8.03764e-005 -0.0267308 -1.24041 8.03764e-005 0.999982 0.00601265 -1.17761 0.0267308 -0.00601265 0.999625 61.8162
0.99961 7.98164e-005 -0.0279353 -1.25605 7.98164e-005 0.999984 0.00571322 -1.19807 0.0279353 -0.00571322 0.999593 63.2816
0.999603 7.2039e-005 -0.0281921 -1.30583 7.2039e-005 0.999987 0.00510954 -1.22187 0.0281921 -0.00510954 0.999589 64.7817
0.999533 7.69832e-005 -0.0305514 -1.36042 7.69832e-005 0.999987 0.00503839 -1.23214 0.0305514 -0.00503839 0.99952 66.3031
0.999481 0.000104548 -0.0322261 -1.40109 0.000104548 0.999979 0.00648665 -1.25274 0.0322261 -0.00648665 0.99946 67.8164
0.999473 0.000113346 -0.0324583 -1.46507 0.000113346 0.999976 0.00698216 -1.27402 0.0324583 -0.00698216 0.999449 69.3505
0.99945 0.000110778 -0.0331539 -1.53302 0.000110778 0.999978 0.00668077 -1.29145 0.0331539 -0.00668077 0.999428 70.8624
0.999411 0.000106369 -0.0343201 -1.58048 0.000106369 0.999981 0.00619675 -1.30372 0.0343201 -0.00619675 0.999392 72.357
0.999396 9.80629e-005 -0.0347392 -1.61461 9.80629e-005 0.999984 0.0056439 -1.31715 0.0347392 -0.0056439 0.99938 73.8514
0.99935 8.57311e-005 -0.0360615 -1.66972 8.57311e-005 0.999989 0.00475314 -1.34025 0.0360615 -0.00475314 0.999338 75.3301
0.999274 0.00010813 -0.0381033 -1.83704 0.00010813 0.999984 0.00567353 -1.3879 0.0381033 -0.00567353 0.999258 76.5665
0.999276 0.000100274 -0.0380464 -1.88715 0.000100274 0.999986 0.00526921 -1.39803 0.0380464 -0.00526921 0.999262 77.8641
0.999276 0.000100274 -0.0380464 -1.93726 0.000100274 0.999986 0.00526921 -1.40817 0.0380464 -0.00526921 0.999262 79.1617
0.999335 7.89215e-005 -0.0364508 -2.02467 7.89215e-005 0.999991 0.00432884 -1.42939 0.0364508 -0.00432884 0.999326 80.5055
0.999315 8.92017e-005 -0.0370105 -2.0758 8.92017e-005 0.999988 0.00481867 -1.44915 0.0370105 -0.00481867 0.999303 81.8861
0.999285 9.31277e-005 -0.0378192 -2.12111 9.31277e-005 0.999988 0.0049231 -1.46417 0.0378192 -0.0049231 0.999272 83.2677
0.999287 0.000110502 -0.0377615 -2.18193 0.000110502 0.999983 0.00585047 -1.49165 0.0377615 -0.00585047 0.99927 84.6398
0.999395 0.000128747 -0.0347687 -2.266 0.000128747 0.999973 0.00740359 -1.51849 0.0347687 -0.00740359 0.999368 85.9977
0.999497 0.000133837 -0.0317017 -2.31759 0.000133837 0.999964 0.00844126 -1.5365 0.0317017 -0.00844126 0.999462 87.3907
0.999601 9.45665e-005 -0.0282601 -2.37862 9.45665e-005 0.999978 0.00669118 -1.56319 0.0282601 -0.00669118 0.999578 88.7498
0.99966 1.79742e-005 -0.026082 -2.41352 1.79742e-005 0.999999 0.00137805 -1.57713 0.026082 -0.00137805 0.999659 90.075
0.999715 5.58696e-006 -0.0238634 -2.45076 5.58696e-006 1 0.000468177 -1.58704 0.0238634 -0.000468177 0.999715 91.3946
0.999739 4.59345e-005 -0.0228485 -2.47159 4.59345e-005 0.999992 0.00402025 -1.61333 0.0228485 -0.00402025 0.999731 92.7644
0.999774 5.38968e-005 -0.021279 -2.49054 5.38968e-005 0.999987 0.00506511 -1.63289 0.021279 -0.00506511 0.999761 94.1569
0.999874 2.62747e-005 -0.0158862 -2.53912 2.62747e-005 0.999995 0.00330765 -1.65282 0.0158862 -0.00330765 0.999868 95.5948
0.999933 4.35105e-006 -0.0116069 -2.58075 4.35105e-006 1 0.000749711 -1.68223 0.0116069 -0.000749711 0.999932 97.0178
0.999964 -9.82241e-006 -0.00842916 -2.59307 -9.82241e-006 0.999997 -0.00233053 -1.71077 0.00842916 0.00233053 0.999962 98.4218
0.999918 -3.63521e-005 -0.0128139 -2.53933 -3.63521e-005 0.999984 -0.00567359 -1.71469 0.0128139 0.00567359 0.999902 99.6817
0.999973 -1.21018e-005 -0.00735984 -2.58288 -1.21018e-005 0.999995 -0.00328854 -1.75564 0.00735984 0.00328854 0.999968 100.995
1 -1.01087e-007 -0.0001059 -2.64298 -1.01087e-007 0.999998 -0.00190911 -1.8001 0.0001059 0.00190911 0.999998 102.323
0.999991 8.23309e-006 0.00412699 -2.64444 8.23309e-006 0.999992 -0.00398985 -1.82482 -0.00412699 0.00398985 0.999984 103.616
0.99998 2.0745e-005 0.00639116 -2.63246 2.0745e-005 0.999979 -0.00649163 -1.85245 -0.00639116 0.00649163 0.999959 104.901
0.999951 3.30279e-005 0.00988015 -2.63178 3.30279e-005 0.999978 -0.00668547 -1.88441 -0.00988015 0.00668547 0.999929 106.186
0.999937 3.05916e-005 0.0112426 -2.58149 3.05916e-005 0.999985 -0.00544186 -1.91674 -0.0112426 0.00544186 0.999922 107.448
0.999883 3.17963e-005 0.0153068 -2.59214 3.17963e-005 0.999991 -0.00415429 -1.94032 -0.0153068 0.00415429 0.999874 108.727
0.999826 2.11603e-005 0.0186653 -2.58346 2.11603e-005 0.999997 -0.00226714 -1.96662 -0.0186653 0.00226714 0.999823 110.017
0.999783 9.88693e-006 0.0208479 -2.54032 9.88693e-006 1 -0.000948377 -1.99877 -0.0208479 0.000948377 0.999782 111.283
0.999753 3.51596e-005 0.0222122 -2.51733 3.51596e-005 0.999995 -0.00316539 -2.02966 -0.0222122 0.00316539 0.999748 112.565
0.999701 8.14145e-005 0.0244343 -2.48779 8.14145e-005 0.999978 -0.00666287 -2.05909 -0.0244343 0.00666287 0.999679 113.897
0.999695 0.000121226 0.0246814 -2.38637 0.000121226 0.999952 -0.00982148 -2.07603 -0.0246814 0.00982148 0.999647 115.171
0.999661 0.000142213 0.0260339 -2.34095 0.000142213 0.99994 -0.0109231 -2.09996 -0.0260339 0.0109231 0.999601 116.424
0.999666 0.000132801 0.0258611 -2.30832 0.000132801 0.999947 -0.0102684 -2.1332 -0.0258611 0.0102684 0.999613 117.729
0.999664 0.000113768 0.0259203 -2.2895 0.000113768 0.999961 -0.00877664 -2.15747 -0.0259203 0.00877664 0.999625 119.04
0.999649 0.00010287 0.0264887 -2.31062 0.00010287 0.99997 -0.0077656 -2.18612 -0.0264887 0.0077656 0.999619 120.301
0.999813 5.88828e-005 0.0193394 -2.25911 5.88828e-005 0.999981 -0.0060888 -2.21832 -0.0193394 0.0060888 0.999794 121.587
0.999813 5.88828e-005 0.0193394 -2.20759 5.88828e-005 0.999981 -0.0060888 -2.25052 -0.0193394 0.0060888 0.999794 122.872
0.99987 4.75741e-005 0.0161289 -2.17477 4.75741e-005 0.999983 -0.00589879 -2.28376 -0.0161289 0.00589879 0.999853 124.135
0.999934 3.68504e-005 0.0114566 -2.15038 3.68504e-005 0.999979 -0.00643276 -2.30818 -0.0114566 0.00643276 0.999914 125.426
0.999978 1.98858e-005 0.00663113 -2.10043 1.98858e-005 0.999982 -0.0059976 -2.33574 -0.00663113 0.0059976 0.99996 126.765
0.999994 8.96883e-006 0.0035436 -2.12132 8.96883e-006 0.999987 -0.00506194 -2.36546 -0.0035436 0.00506194 0.999981 128.156
0.999999 -2.50502e-006 -0.00119684 -2.11777 -2.50502e-006 0.999991 -0.00418605 -2.3956 0.00119684 0.00418605 0.999991 129.597
0.999987 -9.20416e-006 -0.00507149 -2.14585 -9.20416e-006 0.999993 -0.00362973 -2.42355 0.00507149 0.00362973 0.999981 130.988
0.999955 -1.72118e-005 -0.00953702 -2.16309 -1.72118e-005 0.999993 -0.00360938 -2.44832 0.00953702 0.00360938 0.999948 132.394
0.999874 -2.75621e-005 -0.0158602 -2.17229 -2.75621e-005 0.999994 -0.0034754 -2.47997 0.0158602 0.0034754 0.999868 133.755
0.999765 -4.17341e-005 -0.0216779 -2.1896 -4.17341e-005 0.999993 -0.00384991 -2.50588 0.0216779 0.00384991 0.999758 135.123
0.999716 -5.68431e-005 -0.0238451 -2.28148 -5.68431e-005 0.999989 -0.004767 -2.52654 0.0238451 0.004767 0.999704 136.514
0.999572 -7.59714e-005 -0.0292379 -2.33195 -7.59714e-005 0.999986 -0.00519563 -2.54916 0.0292379 0.00519563 0.999559 137.962
0.999572 -7.59714e-005 -0.0292379 -2.38242 -7.59714e-005 0.999986 -0.00519563 -2.57179 0.0292379 0.00519563 0.999559 139.411
0.999581 -7.88086e-005 -0.0289544 -2.45243 -7.88086e-005 0.999985 -0.00544245 -2.60145 0.0289544 0.00544245 0.999566 140.847
0.999482 -8.44159e-005 -0.032191 -2.40462 -8.44159e-005 0.999986 -0.00524329 -2.63319 0.032191 0.00524329 0.999468 142.215
0.99942 -6.61014e-005 -0.0340499 -2.45634 -6.61014e-005 0.999992 -0.00388148 -2.66427 0.0340499 0.00388148 0.999413 143.598
0.99942 -6.61014e-005 -0.0340499 -2.50805 -6.61014e-005 0.999992 -0.00388148 -2.69535 0.0340499 0.00388148 0.999413 144.982
0.999354 -2.15071e-005 -0.035937 -2.54138 -2.15071e-005 0.999999 -0.00119655 -2.73262 0.035937 0.00119655 0.999353 146.373
0.999364 3.77261e-005 -0.0356476 -2.60399 3.77261e-005 0.999998 0.00211594 -2.75306 0.0356476 -0.00211594 0.999362 147.755
0.999346 2.56414e-005 -0.036166 -2.66154 2.56414e-005 0.999999 0.00141752 -2.76709 0.036166 -0.00141752 0.999345 149.145
0.999351 3.56545e-006 -0.0360321 -2.73468 3.56545e-006 1 0.00019784 -2.7915 0.0360321 -0.00019784 0.999351 150.542
0.999383 2.3097e-005 -0.0351183 -2.82372 2.3097e-005 0.999999 0.00131498 -2.82014 0.0351183 -0.00131498 0.999382 151.935
0.999354 5.16369e-005 -0.0359266 -2.87932 5.16369e-005 0.999996 0.00287365 -2.83617 0.0359266 -0.00287365 0.99935 153.364
0.999326 8.67478e-005 -0.0367174 -2.93069 8.67478e-005 0.999989 0.00472355 -2.85382 0.0367174 -0.00472355 0.999315 154.788
0.999475 0.000101761 -0.0323878 -3.02432 0.000101761 0.99998 0.00628219 -2.87522 0.0323878 -0.00628219 0.999456 156.167
0.999443 7.39319e-005 -0.0333688 -3.06085 7.39319e-005 0.99999 0.00442995 -2.89425 0.0333688 -0.00442995 0.999433 157.562
0.999463 5.68469e-005 -0.0327563 -3.11798 5.68469e-005 0.999994 0.00346996 -2.9104 0.0327563 -0.00346996 0.999457 158.974
0.999476 5.69825e-005 -0.0323533 -3.15009 5.69825e-005 0.999994 0.00352159 -2.93152 0.0323533 -0.00352159 0.99947 160.42
0.999494 5.86124e-005 -0.0318091 -3.20308 5.86124e-005 0.999993 0.00368431 -2.94714 0.0318091 -0.00368431 0.999487 161.807
0.999524 9.27943e-005 -0.0308434 -3.2651 9.27943e-005 0.999982 0.00601564 -2.97457 0.0308434 -0.00601564 0.999506 163.207
0.999551 0.000114721 -0.029949 -3.33782 0.000114721 0.999971 0.00765926 -2.99444 0.029949 -0.00765926 0.999522 164.63
0.999658 8.0219e-005 -0.0261369 -3.43743 8.0219e-005 0.999981 0.00613726 -3.01117 0.0261369 -0.00613726 0.99964 166.101
0.99968 5.65013e-005 -0.0252975 -3.49313 5.65013e-005 0.99999 0.00446621 -3.03428 0.0252975 -0.00446621 0.99967 167.617
0.999525 3.13131e-005 -0.0308126 -3.42374 3.13131e-005 0.999998 0.002032 -3.0515 0.0308126 -0.002032 0.999523 169.182
0.999545 -8.61913e-005 -0.030155 -3.47945 -8.61913e-005 0.999984 -0.0057152 -3.08173 0.030155 0.0057152 0.999529 170.797
0.999545 -8.61913e-005 -0.030155 -3.53517 -8.61913e-005 0.999984 -0.0057152 -3.11197 0.030155 0.0057152 0.999529 172.413
0.999629 -8.77218e-005 -0.0272378 -3.61909 -8.77218e-005 0.999979 -0.00643992 -3.1517 0.0272378 0.00643992 0.999608 173.95
0.999623 -8.45005e-005 -0.0274438 -3.65622 -8.45005e-005 0.999981 -0.00615686 -3.18484 0.0274438 0.00615686 0.999604 175.429
0.999641 -7.39894e-005 -0.0268012 -3.70561 -7.39894e-005 0.999985 -0.00552032 -3.21814 0.0268012 0.00552032 0.999626 176.897
0.999674 -5.60469e-005 -0.0255251 -3.77003 -5.60469e-005 0.99999 -0.00439079 -3.25037 0.0255251 0.00439079 0.999665 178.372
0.999618 -5.87182e-005 -0.02762 -3.7892 -5.87182e-005 0.999991 -0.00425104 -3.27623 0.02762 0.00425104 0.999609 179.859
0.999616 -6.32545e-005 -0.027725 -3.83107 -6.32545e-005 0.99999 -0.00456209 -3.30709 0.027725 0.00456209 0.999605 181.348
0.999593 -6.742e-005 -0.0285323 -3.90829 -6.742e-005 0.999989 -0.00472488 -3.33065 0.0285323 0.00472488 0.999582 182.82
0.999513 -5.89982e-005 -0.0311903 -3.91648 -5.89982e-005 0.999993 -0.00378217 -3.36154 0.0311903 0.00378217 0.999506 184.252
0.999503 -5.46845e-005 -0.0315385 -3.97606 -5.46845e-005 0.999994 -0.00346692 -3.39368 0.0315385 0.00346692 0.999497 185.726
0.999487 -7.35374e-005 -0.0320219 -4.02929 -7.35374e-005 0.999989 -0.00459175 -3.42006 0.0320219 0.00459175 0.999477 187.14
0.999609 -8.39259e-005 -0.0279674 -4.15472 -8.39259e-005 0.999982 -0.00600047 -3.44423 0.0279674 0.00600047 0.999591 188.557
0.999574 -8.9625e-005 -0.0291769 -4.19868 -8.9625e-005 0.999981 -0.0061422 -3.47434 0.0291769 0.0061422 0.999555 189.987
0.999569 -9.99737e-005 -0.0293651 -4.25837 -9.99737e-005 0.999977 -0.00680746 -3.51685 0.0293651 0.00680746 0.999546 191.466
0.999534 -0.000117989 -0.0305219 -4.3065 -0.000117989 0.99997 -0.00772951 -3.55509 0.0305219 0.00772951 0.999504 192.946
0.999544 -0.000105818 -0.0301922 -4.3631 -0.000105818 0.999975 -0.00700793 -3.59575 0.0301922 0.00700793 0.99952 194.391
0.999531 -8.60477e-005 -0.030634 -4.41906 -8.60477e-005 0.999984 -0.00561643 -3.62895 0.030634 0.00561643 0.999515 195.814
0.999435 -7.86363e-005 -0.0336135 -4.4325 -7.86363e-005 0.999989 -0.00467751 -3.67828 0.0336135 0.00467751 0.999424 197.229
0.999342 -7.41742e-005 -0.0362683 -4.45829 -7.41742e-005 0.999992 -0.00408894 -3.71182 0.0362683 0.00408894 0.999334 198.62
0.999367 -6.94721e-005 -0.0355675 -4.53824 -6.94721e-005 0.999992 -0.00390524 -3.73958 0.0355675 0.00390524 0.99936 200.019
0.999329 -8.6233e-005 -0.0366138 -4.58941 -8.6233e-005 0.999989 -0.0047088 -3.7747 0.0366138 0.0047088 0.999318 201.46
0.999223 -0.000109447 -0.0394195 -4.61405 -0.000109447 0.999985 -0.00555072 -3.80274 0.0394195 0.00555072 0.999207 202.929
0.999255 -0.000104838 -0.0385915 -4.69334 -0.000104838 0.999985 -0.00543117 -3.83094 0.0385915 0.00543117 0.99924 204.389
0.999246 -0.000129062 -0.0388351 -4.76064 -0.000129062 0.999978 -0.00664407 -3.86492 0.0388351 0.00664407 0.999224 205.899
0.999294 -0.000157805 -0.0375827 -4.83783 -0.000157805 0.999965 -0.00839464 -3.89478 0.0375827 0.00839464 0.999258 207.411
0.999285 -0.000159245 -0.0378156 -4.89337 -0.000159245 0.999965 -0.00841901 -3.93145 0.0378156 0.00841901 0.999249 208.879
0.999159 -0.000104381 -0.0409943 -4.91748 -0.000104381 0.999987 -0.00509026 -3.961 0.0409943 0.00509026 0.999146 210.35
0.999117 -1.74425e-005 -0.0420202 -4.97368 -1.74425e-005 1 -0.00082983 -3.99528 0.0420202 0.00082983 0.999116 211.773
0.999158 -3.32225e-005 -0.0410254 -5.05261 -3.32225e-005 0.999999 -0.00161892 -4.01883 0.0410254 0.00161892 0.999157 213.202
0.999164 -9.46128e-005 -0.0408889 -5.1218 -9.46128e-005 0.999989 -0.00462584 -4.04835 0.0408889 0.00462584 0.999153 214.667
0.999135 -0.000136436 -0.0415823 -5.17899 -0.000136436 0.999978 -0.00655931 -4.08001 0.0415823 0.00655931 0.999114 216.126
0.999182 -0.000123213 -0.0404278 -5.25363 -0.000123213 0.999981 -0.00609291 -4.11508 0.0404278 0.00609291 0.999164 217.567
0.999161 -9.56257e-005 -0.0409492 -5.3117 -9.56257e-005 0.999989 -0.00466848 -4.15178 0.0409492 0.00466848 0.99915 218.991
0.999149 -5.0209e-005 -0.041242 -5.3692 -5.0209e-005 0.999997 -0.00243381 -4.18505 0.041242 0.00243381 0.999146 220.404
0.999213 -2.90645e-005 -0.0396635 -5.43966 -2.90645e-005 0.999999 -0.00146498 -4.21662 0.0396635 0.00146498 0.999212 221.803
0.999307 -4.74404e-005 -0.0372237 -5.51502 -4.74404e-005 0.999997 -0.00254805 -4.23698 0.0372237 0.00254805 0.999304 223.19
0.999364 -7.54508e-005 -0.0356699 -5.56497 -7.54508e-005 0.999991 -0.00422914 -4.26519 0.0356699 0.00422914 0.999355 224.628
0.999415 -9.74322e-005 -0.0342057 -5.62948 -9.74322e-005 0.999984 -0.00569512 -4.30076 0.0342057 0.00569512 0.999399 225.992
0.999474 -0.000104262 -0.0324267 -5.68547 -0.000104262 0.999979 -0.00642886 -4.33375 0.0324267 0.00642886 0.999453 227.38
0.999488 -9.64127e-005 -0.0319898 -5.71783 -9.64127e-005 0.999982 -0.00602612 -4.36291 0.0319898 0.00602612 0.99947 228.75
0.999541 -6.33949e-005 -0.030297 -5.76194 -6.33949e-005 0.999991 -0.00418392 -4.39436 0.030297 0.00418392 0.999532 230.109
0.999552 -5.68177e-005 -0.0299449 -5.79524 -5.68177e-005 0.999993 -0.00379395 -4.42745 0.0299449 0.00379395 0.999544 231.458
0.999599 -5.19712e-005 -0.0283307 -5.84993 -5.19712e-005 0.999993 -0.00366815 -4.46121 0.0283307 0.00366815 0.999592 232.857
0.999586 -5.6936e-005 -0.0287555 -5.86131 -5.6936e-005 0.999992 -0.00395917 -4.48244 0.0287555 0.00395917 0.999579 234.303
0.999616 -5.21089e-005 -0.0277092 -5.90538 -5.21089e-005 0.999993 -0.00376039 -4.51773 0.0277092 0.00376039 0.999609 235.723
0.999667 -5.66168e-005 -0.0257946 -5.96879 -5.66168e-005 0.99999 -0.00438907 -4.54195 0.0257946 0.00438907 0.999658 237.154
0.999699 -5.17046e-005 -0.0245159 -6.01931 -5.17046e-005 0.999991 -0.0042174 -4.57674 0.0245159 0.0042174 0.999691 238.577
0.99971 -5.34033e-005 -0.0240871 -6.05437 -5.34033e-005 0.99999 -0.00443351 -4.60865 0.0240871 0.00443351 0.9997 240
0.99971 -4.02859e-005 -0.0241011 -6.09376 -4.02859e-005 0.999994 -0.00334259 -4.64654 0.0241011 0.00334259 0.999704 241.384
0.99971 -2.56028e-005 -0.0240767 -6.14183 -2.56028e-005 0.999998 -0.00212646 -4.68599 0.0240767 0.00212646 0.999708 242.777
0.999712 -2.5537e-005 -0.0239846 -6.19491 -2.5537e-005 0.999998 -0.00212914 -4.72276 0.0239846 0.00212914 0.99971 244.135
0.999707 -3.47444e-005 -0.0242128 -6.25483 -3.47444e-005 0.999996 -0.0028695 -4.76419 0.0242128 0.0028695 0.999703 245.508
0.999637 -5.24003e-005 -0.0269402 -6.28143 -5.24003e-005 0.999992 -0.00388939 -4.79732 0.0269402 0.00388939 0.999629 246.82
0.999589 -6.28112e-005 -0.0286578 -6.31793 -6.28112e-005 0.99999 -0.00438261 -4.82611 0.0286578 0.00438261 0.99958 248.076
0.999535 -6.72065e-005 -0.0305067 -6.3537 -6.72065e-005 0.99999 -0.00440498 -4.85612 0.0305067 0.00440498 0.999525 249.284
0.999429 -6.67281e-005 -0.0337775 -6.38976 -6.67281e-005 0.999992 -0.0039499 -4.88384 0.0337775 0.0039499 0.999422 250.501
0.999307 -5.28681e-005 -0.0372327 -6.44588 -5.28681e-005 0.999996 -0.00283888 -4.91482 0.0372327 0.00283888 0.999303 251.717
0.999168 -1.38069e-005 -0.0407917 -6.4723 -1.38069e-005 1 -0.000676667 -4.9545 0.0407917 0.000676667 0.999167 252.959
0.999065 -6.42817e-006 -0.0432442 -6.52857 -6.42817e-006 1 -0.000297158 -4.99074 0.0432442 0.000297158 0.999064 254.202
0.998721 -1.56985e-005 -0.0505571 -6.57988 -1.56985e-005 1 -0.000620624 -5.02129 0.0505571 0.000620624 0.998721 255.495
0.998721 -1.56985e-005 -0.0505571 -6.63119 -1.56985e-005 1 -0.000620624 -5.05185 0.0505571 0.000620624 0.998721 256.788
0.998608 -2.66661e-006 -0.0527415 -6.70718 -2.66661e-006 1 -0.00010105 -5.07851 0.0527415 0.00010105 0.998608 257.99
0.99842 -1.58676e-005 -0.0561871 -6.76972 -1.58676e-005 1 -0.000564365 -5.10356 0.0561871 0.000564365 0.99842 259.147
0.998316 -4.60618e-005 -0.0580124 -6.86215 -4.60618e-005 0.999999 -0.00158666 -5.12393 0.0580124 0.00158666 0.998315 260.292
0.998059 -6.27785e-005 -0.0622731 -6.92666 -6.27785e-005 0.999998 -0.00201427 -5.15709 0.0622731 0.00201427 0.998057 261.407
0.997917 -6.6217e-005 -0.0645056 -7.01337 -6.6217e-005 0.999998 -0.00205092 -5.18758 0.0645056 0.00205092 0.997915 262.483
0.997727 -0.000101743 -0.0673796 -7.08949 -0.000101743 0.999995 -0.00301656 -5.20987 0.0673796 0.00301656 0.997723 263.524
0.997522 -9.76639e-005 -0.0703551 -7.165 -9.76639e-005 0.999996 -0.00277287 -5.2375 0.0703551 0.00277287 0.997518 264.54
0.997529 -6.60244e-005 -0.0702533 -7.25144 -6.60244e-005 0.999998 -0.00187729 -5.26581 0.0702533 0.00187729 0.997527 265.502
0.99742 -5.04046e-005 -0.0717893 -7.29797 -5.04046e-005 0.999999 -0.00140242 -5.28353 0.0717893 0.00140242 0.997419 266.419
0.99737 -3.44856e-005 -0.0724845 -7.34582 -3.44856e-005 1 -0.000950278 -5.30438 0.0724845 0.000950278 0.997369 267.328
0.997324 -5.43871e-005 -0.0731135 -7.41045 -5.43871e-005 0.999999 -0.00148575 -5.32629 0.0731135 0.00148575 0.997323 268.217
0.997257 -0.000125302 -0.0740183 -7.45841 -0.000125302 0.999994 -0.00338105 -5.34359 0.0740183 0.00338105 0.997251 269.117
0.997425 -0.000194699 -0.071713 -7.54674 -0.000194699 0.999985 -0.00542291 -5.36878 0.071713 0.00542291 0.997411 269.978
0.997814 -0.000233913 -0.0660838 -7.63654 -0.000233913 0.999975 -0.00707147 -5.3939 0.0660838 0.00707147 0.997789 270.803
0.997814 -0.000233913 -0.0660838 -7.72634 -0.000233913 0.999975 -0.00707147 -5.41901 0.0660838 0.00707147 0.997789 271.628
0.997948 -0.000238842 -0.0640219 -7.77824 -0.000238842 0.999972 -0.00745349 -5.43491 0.0640219 0.00745349 0.997921 272.438
0.998109 -0.000242069 -0.0614748 -7.82774 -0.000242069 0.999969 -0.00786784 -5.44488 0.0614748 0.00786784 0.998078 273.298
0.998144 -0.000261888 -0.0608965 -7.85014 -0.000261888 0.999963 -0.00859295 -5.4488 0.0608965 0.00859295 0.998107 274.099
0.998296 -0.000248265 -0.0583527 -7.90576 -0.000248265 0.999964 -0.00850171 -5.4775 0.0583527 0.00850171 0.99826 274.868
0.998438 -0.000234926 -0.0558755 -7.9456 -0.000234926 0.999965 -0.00840219 -5.49367 0.0558755 0.00840219 0.998402 275.615
0.998676 -0.000201615 -0.0514439 -7.99657 -0.000201615 0.999969 -0.00783294 -5.51388 0.0514439 0.00783294 0.998645 276.348
0.9989 -0.000147065 -0.0468844 -8.06339 -0.000147065 0.99998 -0.00627002 -5.55285 0.0468844 0.00627002 0.998881 277.084
0.999117 -0.00011664 -0.0420031 -8.11541 -0.00011664 0.999985 -0.00555137 -5.5805 0.0420031 0.00555137 0.999102 277.836
0.999267 -0.000109616 -0.0382824 -8.1507 -0.000109616 0.999984 -0.00572457 -5.60067 0.0382824 0.00572457 0.999251 278.561
0.999365 -0.000110428 -0.0356251 -8.17717 -0.000110428 0.999981 -0.00619741 -5.61599 0.0356251 0.00619741 0.999346 279.292
0.99926 -0.000132381 -0.0384707 -8.14613 -0.000132381 0.999976 -0.00687956 -5.63343 0.0384707 0.00687956 0.999236 280.027
0.9993 -0.000123719 -0.0374124 -8.15817 -0.000123719 0.999978 -0.00661143 -5.66028 0.0374124 0.00661143 0.999278 280.774
0.99925 -0.00011093 -0.0387181 -8.14772 -0.00011093 0.999984 -0.00572793 -5.67533 0.0387181 0.00572793 0.999234 281.532
0.99926 -0.000118873 -0.0384725 -8.16205 -0.000118873 0.999981 -0.00617727 -5.68443 0.0384725 0.00617727 0.999241 282.301
0.999515 -7.19214e-005 -0.0311275 -8.2413 -7.19214e-005 0.999989 -0.00461994 -5.71845 0.0311275 0.00461994 0.999505 283.064
0.999627 -0.000105344 -0.0273177 -8.26698 -0.000105344 0.99997 -0.00771094 -5.73898 0.0273177 0.00771094 0.999597 283.847
0.999627 -0.000105344 -0.0273177 -8.29265 -0.000105344 0.99997 -0.00771094 -5.7595 0.0273177 0.00771094 0.999597 284.631
0.999712 -9.89072e-005 -0.023989 -8.33108 -9.89072e-005 0.999966 -0.00824473 -5.78404 0.023989 0.00824473 0.999678 285.423
0.999715 -0.000114293 -0.0238871 -8.34509 -0.000114293 0.999954 -0.00956783 -5.79983 0.0238871 0.00956783 0.999669 286.19
0.99966 -0.000162134 -0.0260709 -8.29426 -0.000162134 0.999923 -0.0124353 -5.78526 0.0260709 0.0124353 0.999583 286.916
0.999438 -0.000279723 -0.0335127 -8.26743 -0.000279723 0.999861 -0.0166877 -5.77588 0.0335127 0.0166877 0.999299 287.687
0.999435 -0.000292065 -0.033596 -8.29139 -0.000292065 0.999849 -0.0173806 -5.79826 0.033596 0.0173806 0.999284 288.522
0.999429 -0.00033192 -0.0338004 -8.31654 -0.00033192 0.999807 -0.0196325 -5.82257 0.0338004 0.0196325 0.999236 289.349
0.999458 -0.000362509 -0.032927 -8.34896 -0.000362509 0.999758 -0.0220103 -5.84972 0.032927 0.0220103 0.999215 290.174
0.999478 -0.000364534 -0.0322954 -8.37034 -0.000364534 0.999745 -0.0225662 -5.88164 0.0322954 0.0225662 0.999224 290.984
0.999576 -0.000270278 -0.0291287 -8.43217 -0.000270278 0.999828 -0.018552 -5.90391 0.0291287 0.018552 0.999403 291.807
0.999574 -0.000184778 -0.0291905 -8.46381 -0.000184778 0.99992 -0.0126569 -5.92556 0.0291905 0.0126569 0.999494 292.649
0.999582 -0.000127141 -0.0289091 -8.47721 -0.000127141 0.999961 -0.00879388 -5.95347 0.0289091 0.00879388 0.999543 293.519
0.999605 -0.000160701 -0.0280938 -8.49114 -0.000160701 0.999935 -0.0114377 -5.97738 0.0280938 0.0114377 0.99954 294.4
0.999718 -0.000211716 -0.0237539 -8.52375 -0.000211716 0.999841 -0.0178219 -5.99736 0.0237539 0.0178219 0.999559 295.288
0.999693 -0.000268 -0.0247651 -8.51506 -0.000268 0.999766 -0.0216375 -6.0279 0.0247651 0.0216375 0.999459 296.152
0.999785 -0.000227087 -0.0207221 -8.54846 -0.000227087 0.99976 -0.0219124 -6.04999 0.0207221 0.0219124 0.999545 297.024
0.999854 -0.00016725 -0.0170733 -8.57418 -0.00016725 0.999808 -0.0195887 -6.07991 0.0170733 0.0195887 0.999662 297.907
0.999901 -0.000115607 -0.0140748 -8.58485 -0.000115607 0.999865 -0.0164256 -6.10954 0.0140748 0.0164256 0.999766 298.799
0.999952 -7.12773e-005 -0.00981358 -8.60345 -7.12773e-005 0.999895 -0.0145251 -6.13973 0.00981358 0.0145251 0.999846 299.699
0.999995 -2.3033e-005 -0.00300459 -8.62019 -2.3033e-005 0.999882 -0.0153309 -6.17471 0.00300459 0.0153309 0.999878 300.59
0.999995 -2.3033e-005 -0.00300459 -8.63692 -2.3033e-005 0.999882 -0.0153309 -6.20968 0.00300459 0.0153309 0.999878 301.48
1 5.80032e-006 0.000644066 -8.69481 5.80032e-006 0.999838 -0.0180101 -6.23787 -0.000644066 0.0180101 0.999838 302.354
0.999985 5.41468e-005 0.00547104 -8.71678 5.41468e-005 0.999804 -0.0197919 -6.23547 -0.00547104 0.0197919 0.999789 303.229
0.999962 7.66046e-005 0.0087027 -8.72211 7.66046e-005 0.999845 -0.0176031 -6.26997 -0.0087027 0.0176031 0.999807 304.13
0.99994 8.72292e-005 0.0109368 -8.70691 8.72292e-005 0.999873 -0.01595 -6.30096 -0.0109368 0.01595 0.999813 304.991
0.999916 0.000106834 0.0129499 -8.69002 0.000106834 0.999864 -0.0164978 -6.32579 -0.0129499 0.0164978 0.99978 305.894
0.999845 0.00014917 0.0176039 -8.70773 0.00014917 0.999856 -0.0169449 -6.35492 -0.0176039 0.0169449 0.999701 306.807
0.999763 0.000187369 0.0217736 -8.70527 0.000187369 0.999852 -0.0172074 -6.38316 -0.0217736 0.0172074 0.999615 307.672
0.999726 0.000196621 0.0234038 -8.67783 0.000196621 0.999859 -0.016799 -6.40704 -0.0234038 0.016799 0.999585 308.515
0.99971 0.000204418 0.0240613 -8.65428 0.000204418 0.999856 -0.0169878 -6.43183 -0.0240613 0.0169878 0.999566 309.358
0.999667 0.000214959 0.0257913 -8.63518 0.000214959 0.999861 -0.0166652 -6.45623 -0.0257913 0.0166652 0.999528 310.208
0.999595 0.000230826 0.0284599 -8.6326 0.000230826 0.999868 -0.0162168 -6.48667 -0.0284599 0.0162168 0.999463 311.05
0.999575 0.000226639 0.0291539 -8.63057 0.000226639 0.999879 -0.0155435 -6.51745 -0.0291539 0.0155435 0.999454 311.873
0.999596 0.000216353 0.0284228 -8.60584 0.000216353 0.999884 -0.01522 -6.54353 -0.0284228 0.01522 0.99948 312.702
0.999657 0.000218054 0.0261739 -8.60725 0.000218054 0.999861 -0.0166579 -6.56284 -0.0261739 0.0166579 0.999519 313.501
0.999703 0.000213263 0.02437 -8.58889 0.000213263 0.999847 -0.0174981 -6.59016 -0.02437 0.0174981 0.99955 314.316
0.999758 0.000203375 0.0220029 -8.56052 0.000203375 0.999829 -0.0184824 -6.61465 -0.0220029 0.0184824 0.999587 315.086
0.999797 0.000189523 0.0201633 -8.55199 0.000189523 0.999823 -0.0187952 -6.65034 -0.0201633 0.0187952 0.99962 315.867
0.999834 0.000176011 0.0182001 -8.52954 0.000176011 0.999813 -0.0193384 -6.67513 -0.0182001 0.0193384 0.999647 316.657
0.999879 0.000151759 0.015547 -8.53087 0.000151759 0.999809 -0.0195196 -6.69003 -0.015547 0.0195196 0.999689 317.385
0.999912 0.000115394 0.0132537 -8.5235 0.000115394 0.999848 -0.0174111 -6.72284 -0.0132537 0.0174111 0.999761 318.145
0.999956 7.177e-005 0.00934753 -8.52272 7.177e-005 0.999882 -0.0153547 -6.74522 -0.00934753 0.0153547 0.999838 318.912
0.999994 2.47572e-005 0.00359544 -8.54531 2.47572e-005 0.999905 -0.0137707 -6.77419 -0.00359544 0.0137707 0.999899 319.65
0.999999 -8.26779e-006 -0.00134663 -8.55417 -8.26779e-006 0.999925 -0.0122788 -6.79665 0.00134663 0.0122788 0.999924 320.397
0.999976 -4.3125e-005 -0.00694349 -8.55847 -4.3125e-005 0.999923 -0.0124211 -6.82194 0.00694349 0.0124211 0.999899 321.17
0.999922 -7.40391e-005 -0.0125089 -8.55593 -7.40391e-005 0.99993 -0.011837 -6.84726 0.0125089 0.011837 0.999852 321.965
0.999835 -0.000102621 -0.0181566 -8.5551 -0.000102621 0.999936 -0.0113027 -6.87613 0.0181566 0.0113027 0.999771 322.785
0.999681 -0.000158437 -0.0252649 -8.5438 -0.000158437 0.999921 -0.0125395 -6.91147 0.0252649 0.0125395 0.999602 323.619
0.999619 -0.000169102 -0.027598 -8.58954 -0.000169102 0.999925 -0.0122518 -6.93912 0.027598 0.0122518 0.999544 324.459
0.999582 -0.000168939 -0.0289075 -8.66124 -0.000168939 0.999932 -0.0116854 -6.97189 0.0289075 0.0116854 0.999514 325.262
0.999672 -0.000143317 -0.0256273 -8.72669 -0.000143317 0.999937 -0.0111825 -6.99511 0.0256273 0.0111825 0.999609 326.076
0.999705 -0.00013486 -0.024284 -8.84018 -0.00013486 0.999938 -0.0111049 -7.04255 0.024284 0.0111049 0.999643 326.879
0.999686 -0.000175911 -0.0250377 -8.95001 -0.000175911 0.999901 -0.0140488 -7.05415 0.0250377 0.0140488 0.999588 327.689
0.99944 -0.000267952 -0.0334486 -9.0045 -0.000267952 0.999872 -0.0160162 -7.07904 0.0334486 0.0160162 0.999312 328.479
0.999143 -0.000363867 -0.0413945 -9.04741 -0.000363867 0.999846 -0.0175715 -7.11633 0.0413945 0.0175715 0.998988 329.227
0.998636 -0.000491314 -0.0522103 -9.0749 -0.000491314 0.999823 -0.0188061 -7.14361 0.0522103 0.0188061 0.998459 329.942
0.997859 -0.000614751 -0.065397 -9.13176 -0.000614751 0.999823 -0.0187788 -7.1738 0.065397 0.0187788 0.997683 330.642
0.996692 -0.000740154 -0.0812716 -9.23947 -0.000740154 0.999834 -0.0181827 -7.1976 0.0812716 0.0181827 0.996526 331.32
0.994878 -0.000871509 -0.101084 -9.3237 -0.000871509 0.999852 -0.0171979 -7.22242 0.101084 0.0171979 0.994729 331.988
0.992371 -0.00106142 -0.123282 -9.43231 -0.00106142 0.999852 -0.0171523 -7.24813 0.123282 0.0171523 0.992223 332.646
0.989017 -0.00125943 -0.147797 -9.57015 -0.00125943 0.999856 -0.0169478 -7.27653 0.147797 0.0169478 0.988872 333.283
0.984468 -0.0014056 -0.175561 -9.67248 -0.0014056 0.999873 -0.0158873 -7.30076 0.175561 0.0158873 0.98434 333.87
0.978552 -0.00153775 -0.205997 -9.81208 -0.00153775 0.99989 -0.014769 -7.31908 0.205997 0.014769 0.978441 334.443
0.97076 -0.00164497 -0.240046 -9.95446 -0.00164497 0.999907 -0.0135044 -7.3348 0.240046 0.0135044 0.970668 335.005
0.961315 -0.00165602 -0.275448 -10.1324 -0.00165602 0.999929 -0.0117912 -7.35667 0.275448 0.0117912 0.961244 335.543
0.949974 -0.00146749 -0.312326 -10.3382 -0.00146749 0.999957 -0.00916191 -7.37557 0.312326 0.00916191 0.949931 336.073
0.936443 -0.00118024 -0.350817 -10.5717 -0.00118024 0.999978 -0.0065146 -7.39524 0.350817 0.0065146 0.936421 336.654
0.921014 -0.00102585 -0.389528 -10.8421 -0.00102585 0.999987 -0.00505911 -7.40908 0.389528 0.00505911 0.921001 337.174
0.902918 -0.000711606 -0.429811 -11.1116 -0.000711606 0.999995 -0.00315051 -7.42343 0.429811 0.00315051 0.902913 337.73
0.881647 -0.000683227 -0.47191 -11.383 -0.000683227 0.999996 -0.00272423 -7.4392 0.47191 0.00272423 0.881643 338.23
0.857669 -0.000856879 -0.514201 -11.6883 -0.000856879 0.999995 -0.00309566 -7.44733 0.514201 0.00309566 0.857664 338.685
0.830886 -0.000722188 -0.556442 -12.0126 -0.000722188 0.999997 -0.00237624 -7.46605 0.556442 0.00237624 0.830883 339.14
0.801682 -0.000602427 -0.597751 -12.3597 -0.000602427 0.999998 -0.00181577 -7.47697 0.597751 0.00181577 0.80168 339.531
0.769243 -0.000258188 -0.638957 -12.7118 -0.000258188 1 -0.00071491 -7.48062 0.638957 0.00071491 0.769243 339.877
0.733361 -0.000631037 -0.679839 -13.0692 -0.000631037 0.999999 -0.00160893 -7.4888 0.679839 0.00160893 0.733359 340.206
0.693247 -0.00125585 -0.720699 -13.4317 -0.00125585 0.999995 -0.00295054 -7.49973 0.720699 0.00295054 0.693242 340.521
0.650256 -0.00137204 -0.759714 -13.8862 -0.00137204 0.999995 -0.00298036 -7.49996 0.759714 0.00298036 0.650251 340.815
0.550464 0.000165621 -0.834859 -14.3003 0.000165621 1 0.000307583 -7.50165 0.834859 -0.000307583 0.550464 341.048
0.550464 0.000165621 -0.834859 -14.7144 0.000165621 1 0.000307583 -7.50334 0.834859 -0.000307583 0.550464 341.281
0.49863 0.00563992 -0.866797 -15.4382 0.00563992 0.999937 0.00975061 -7.53813 0.866797 -0.00975061 0.498566 341.525
0.444336 0.00991245 -0.895805 -15.9798 0.00991245 0.999823 0.0159802 -7.54324 0.895805 -0.0159802 0.444159 341.672
0.387085 0.0124486 -0.92196 -16.405 0.0124486 0.999747 0.0187254 -7.55005 0.92196 -0.0187254 0.386833 341.797
0.328936 0.014308 -0.944244 -16.7949 0.014308 0.999695 0.0201326 -7.55555 0.944244 -0.0201326 0.328631 341.887
0.270485 0.0156081 -0.962598 -17.1506 0.0156081 0.999666 0.020595 -7.54026 0.962598 -0.020595 0.270151 341.943
0.211638 0.0172834 -0.977195 -17.506 0.0172834 0.999621 0.0214232 -7.52994 0.977195 -0.0214232 0.211259 341.97
0.149398 0.0175002 -0.988622 -17.8652 0.0175002 0.99964 0.0203398 -7.53645 0.988622 -0.0203398 0.149038 341.991
0.086369 0.0222743 -0.996014 -18.2224 0.0222743 0.999457 0.0242828 -7.53463 0.996014 -0.0242828 0.085826 341.967
0.0219937 0.0256087 -0.99943 -18.5768 0.0256087 0.999329 0.0261697 -7.52917 0.99943 -0.0261697 0.0213232 341.927
-0.0411306 0.0345585 -0.998556 -18.9117 0.0345585 0.998853 0.0331453 -7.51274 0.998556 -0.0331453 -0.0422777 341.839
-0.174958 0.0390221 -0.983802 -19.2774 0.0390221 0.998704 0.0326735 -7.50912 0.983802 -0.0326735 -0.176254 341.752
-0.174958 0.0390221 -0.983802 -19.6431 0.0390221 0.998704 0.0326735 -7.5055 0.983802 -0.0326735 -0.176254 341.665
-0.240714 0.0410472 -0.969728 -20.0406 0.0410472 0.998642 0.032082 -7.50469 0.969728 -0.032082 -0.242072 341.528
-0.304939 0.042131 -0.95144 -20.4503 0.042131 0.99864 0.030718 -7.50306 0.95144 -0.030718 -0.306299 341.359
-0.367652 0.0401037 -0.929098 -20.8883 0.0401037 0.998824 0.027244 -7.49661 0.929098 -0.027244 -0.368828 341.165
-0.425411 0.0448379 -0.903889 -21.3114 0.0448379 0.99859 0.0284329 -7.49454 0.903889 -0.0284329 -0.426821 340.911
-0.479318 0.0514295 -0.876133 -21.7261 0.0514295 0.998212 0.0304593 -7.48823 0.876133 -0.0304593 -0.481106 340.626
-0.531996 0.0516951 -0.845168 -22.1691 0.0516951 0.998256 0.028519 -7.47128 0.845168 -0.028519 -0.53374 340.342
-0.617555 0.058342 -0.784361 -22.5833 0.058342 0.997896 0.0282903 -7.46369 0.784361 -0.0282903 -0.619659 339.99
-0.617555 0.058342 -0.784361 -22.9976 0.058342 0.997896 0.0282903 -7.4561 0.784361 -0.0282903 -0.619659 339.638
-0.653839 0.0572168 -0.754467 -23.414 0.0572168 0.998021 0.0261018 -7.45208 0.754467 -0.0261018 -0.655819 339.226
-0.690966 0.0472214 -0.721343 -23.8569 0.0472214 0.998681 0.020144 -7.44005 0.721343 -0.020144 -0.692285 338.765
-0.727091 0.0342397 -0.685687 -24.293 0.0342397 0.999321 0.0135938 -7.44046 0.685687 -0.0135938 -0.72777 338.279
-0.7594 0.0327113 -0.649801 -24.7394 0.0327113 0.999392 0.0120813 -7.43625 0.649801 -0.0120813 -0.760008 337.715
-0.78924 0.0394187 -0.612819 -25.1869 0.0394187 0.999132 0.013501 -7.44036 0.612819 -0.013501 -0.790108 337.113
-0.817936 0.0455133 -0.573505 -25.6559 0.0455133 0.998861 0.0143581 -7.42828 0.573505 -0.0143581 -0.819076 336.522
-0.871336 0.0113114 -0.490556 -26.1346 0.0113114 0.999932 0.00296518 -7.40087 0.490556 -0.00296518 -0.871405 335.8
-0.871336 0.0113114 -0.490556 -26.6133 0.0113114 0.999932 0.00296518 -7.37346 0.490556 -0.00296518 -0.871405 335.079
-0.890326 0.0180801 -0.454964 -26.9451 0.0180801 0.999827 0.00435154 -7.37563 0.454964 -0.00435154 -0.890499 334.311
-0.908075 0.0276418 -0.417894 -27.2642 0.0276418 0.9996 0.00605393 -7.38207 0.417894 -0.00605393 -0.908476 333.574
-0.925182 0.0236245 -0.378789 -27.5745 0.0236245 0.99971 0.00464824 -7.38346 0.378789 -0.00464824 -0.925472 332.831
-0.940687 0.00754353 -0.339192 -27.8508 0.00754353 0.999971 0.00131845 -7.38165 0.339192 -0.00131845 -0.940716 332.059
-0.953879 -0.0132796 -0.299899 -28.0993 -0.0132796 0.99991 -0.00203827 -7.38573 0.299899 0.00203827 -0.953969 331.261
-0.964036 -0.0487501 -0.261262 -28.3239 -0.0487501 0.99879 -0.00648488 -7.39014 0.261262 0.00648488 -0.965246 330.435
-0.971624 -0.0761931 -0.223921 -28.5125 -0.0761931 0.997056 -0.0086534 -7.4016 0.223921 0.0086534 -0.974569 329.573
-0.976519 -0.106504 -0.187262 -28.6763 -0.106504 0.994261 -0.0100906 -7.41857 0.187262 0.0100906 -0.982258 328.68
-0.982827 -0.10297 -0.153126 -28.8082 -0.10297 0.994653 -0.00795195 -7.42834 0.153126 0.00795195 -0.988175 327.758
